466.16	.25 seconds
440 .25
466.16 1.5
466.16 .25
440 .25
466.16 1.5
466.16 .25
440 .25
466.16 .75
523.25 .25
523.25 .75
622.25 .25
622.25 1.5
587.33 .25
466.16 .25
523.25 .75
440 .25
349.23 .5
587.33 .25
466.16 .25
523.25 1.5
698.46 .25
466.16 .25
622.25 .75
587.33 .25
587.33 .75
523.25 .25
523.25 1.5
466.16 .25
440 .25
466.16 1.5
466.16 .25
440 .25
466.16 1.5
466.16 .25
440 .25
466.16 .5
349.23 .5
698.46 .5
622.25 .25
587.33 .25
622.25 1.5
698.46 .25
523.25 .25
622.25 .75
587.33 .25
523.25 .5
598.46 .25
523.25 .25
622.25 1.5
698.46 .25
523.25 .25
